#Thu Jul 18 15:07:01 IDT 2013
threshold=-3.2
mu=-1.5877507725357176
ngram=3
model=gt
sigma=0.4199044674572973
gt.zero=0.0013887880897533423
