#Fri Jul 19 22:09:04 IDT 2013
threshold=-3.2
mu=-1.5865240475616271
ngram=3
model=gt
sigma=0.42011676348156735
gt.zero=0.0020567867567491513
