#Tue Jul 16 15:00:46 IDT 2013
threshold=-2.6
mu=-1.5877507725357176
ngram=3
model=gt
sigma=0.4199044674572973
gt.zero=0.0013887880897533423
