#Tue Jul 16 15:01:26 IDT 2013
threshold=-3.0
ngram=3
mu=-2.2794634375712883
model=kb
sigma=0.40787465869615064
kb.discount=0.1
