#Fri Jul 19 22:30:34 IDT 2013
threshold=-3.0
ngram=3
mu=-2.2787232234426513
model=kb
sigma=0.40624572006063275
kb.discount=0.1
